red = 17
blue = 24
green = 22


8
192,32, 0

9
255, 128, 0

10
255, 192, 0

11
255,192, 140

12
255,255,192

1
255,255,255

2
224, 255, 224

3
192, 255, 224

4
192, 255, 255 

5
192,240,255

6
192,192,255

7
240, 192, 255

8
224, 192, 255

9
224, 128, 255

10
255,128,255

11
128,0,128


red > orange> yellow > white-> blue green > blue -> purple  dark

9   10     11      12   1   2   3     4  5  6 7    8 9 10    11

















200,24,0